2.500323033478039179e+03
1.373256474617198546e+04
1.355631840649887090e+04
1.052069101673504338e+04
7.736997270289504741e+03
9.944922990798223764e+05
1.013873351071532306e+04
1.072427385143870015e+04
6.260723735499315808e+03
7.486801052957067441e+03
2.988354055443160632e+03
6.890261162334338223e+03
3.642114289280899811e+03
1.075843881318058120e+05
7.542721763861647560e+03
5.238571783272112953e+03
4.226966570729141495e+03
7.050838145991023339e+03
3.098792636654867238e+03
3.868587884794920228e+03
2.750708583367318170e+03
