3.771339827620482366e-01,1.035133334740314881e+00,-3.660516348771093997e-01,-3.382583531888098682e-01
3.145271610674141294e-01,1.580141170057959010e-01,-6.072960740966961701e-01,-5.824258692309284280e-01
-1.409753344885055493e-01,5.380206216423511628e-02,-6.414808799818425555e-01,1.534686004840738194e-01
1.829967985062046054e+00,1.938229844593628848e-01,-3.923311606480522351e-01,-7.595429270820741596e-01
1.355437633236793005e+00,1.675763272909337187e-01,-3.612281025584197502e-01,-4.072886328844905202e-01
-1.700721436436171130e-01,-1.861846176100303285e-01,-6.904965528822482046e-01,1.990495128079797504e-01
1.240810579791938872e+00,-4.604364833987886207e-01,-2.072263706050681886e+00,-1.980206087815040150e-01
-1.348465065852255007e+00,1.220598743379727846e+00,5.070986951656140940e-02,-1.512898651416181295e+00
-2.980520232977108552e-01,7.890589753593374445e-01,2.550347328790645088e-02,1.669551458364953722e-01
6.150692733871914175e-01,-1.171198838257633934e+00,-9.354280025335495186e-01,-1.473353187051958724e+00
9.209148050444827815e-02,-9.775110650435046011e-01,2.314948709562111573e-01,4.626255378146221231e-02
4.866276396641001090e-01,-4.542975869635469954e-01,8.841584454075683830e-01,1.649483333257244222e-01
-6.143119543667665550e-01,5.106564936281717815e-01,-3.188843367977217680e-01,-5.068363353469511612e-01
-9.017410539671677494e-02,-4.939382942952418309e-01,1.416365336378718198e-01,3.168320334042842856e-01
2.001407981112231393e+00,-1.096635657871630892e-01,1.125055628464557200e+00,-1.235327379336718795e-01
4.906907617403581945e-01,1.045480930832677569e+00,6.528887324123751335e-02,-3.820726334816718778e-02
-8.146084628941802075e-01,-3.154624933501402606e-01,-1.520398595940593593e-03,8.543822197615253966e-01
-1.780551246262585818e-01,-1.036950822328861044e+00,-1.120534466619893810e-01,1.024306317055640347e+00
-8.060913835202137001e-01,-9.446657777659932531e-01,5.591072889777185528e-01,-1.019823507265680274e+00
-5.409844736153317235e-02,3.005212338412067141e-01,-6.277048110394237157e-02,-1.693481421504891282e-01
-4.984762977844816034e-01,1.206565418114506238e+00,-3.326216859262021708e-01,9.832932274422341301e-01
6.649860824704442175e-01,4.117296139772269603e-01,3.830627567378559473e-01,9.324076276205825464e-02
-8.402447821781834636e-02,-5.396316896543742470e-01,-1.746202954660708989e-02,1.220169599812421568e+00
-4.022407003585962149e-01,5.272869021531395584e-01,-1.601631225807526385e-02,3.082971737524011976e-02
-1.921211018190940589e-01,2.655435664095569526e-01,-7.605657316800497059e-01,5.245427793041811393e-01
3.478471762699005265e-01,-7.084546230553292467e-01,3.584298196567280437e-01,-2.117922501212766550e-03
-1.445151071506227236e+00,1.191273698510239676e+00,2.700283920160768680e-01,-5.139652096525900715e-01
-1.507959509926845021e+00,-5.472487385173712138e-01,-1.205660605095517507e-01,3.340916252524065433e-01
2.246740983026785099e-01,-6.045845261030009521e-01,6.290413044727832803e-01,6.019964796583292532e-01
-7.628012785607006796e-01,-3.445017991994548945e-01,1.508545147252880136e+00,-4.735086522425475120e-01
-1.045416496465414014e+00,6.390279239458849236e-01,-3.113546422582814666e-01,7.787008443996951135e-01
-8.133556398830046330e-01,1.354283713203023320e-01,-1.270209192335633730e-01,3.622724884996788575e-01
-1.484712871746229346e-01,-1.043874528322739526e+00,5.378429380798239734e-01,-9.573010277919030697e-01
-1.023277034339542313e+00,-1.145209209853517707e-01,1.983895845334585420e-02,-1.102369195794401791e-01
1.200050451203459767e+00,6.414847857487580018e-01,-1.367383745010073981e-01,-1.332990992421193122e+00
1.183796978963401525e+00,-2.520858199313275594e-01,-2.000610687308819746e-01,1.028078291473304429e+00
1.417972307694376766e-01,-4.442396994454211184e-02,2.155735540404287234e-02,-2.713659565824676489e-01
9.879124307386556447e-01,1.344670555787378818e+00,6.054078316159325346e-02,6.730887890568040266e-01
7.194626211390832138e-01,4.018366034299197809e-01,-4.946403595901548989e-01,-5.612381921889540992e-01
-9.421585417979425614e-01,-9.995585640495626700e-01,2.464363161909112129e-02,-5.181019729010722941e-01
-6.650450178951901048e-01,7.734781167151683068e-01,3.732147953742131485e-01,-1.280761443669829747e-01
3.325219551962612097e-01,-6.985203063487180342e-02,4.496103432932842953e-02,1.573119221812264990e-01
-8.324751988189577068e-02,6.774591352179910597e-01,1.803743704312666396e-01,8.198391749404860818e-01
8.297176872985646545e-01,7.205335371387493471e-01,1.274343573873412128e+00,-4.357552005545085039e-01
-2.076045480204372629e-01,5.016911599345909994e-02,-4.113935632913129771e-04,-1.208257873481433237e-01
2.844201493240394174e-01,-6.109986460973619860e-01,9.856845642888917292e-01,6.306171156389924759e-01
-1.879814912310038277e-01,2.793889676442002368e-01,4.213270013271703252e-01,6.896268325983882785e-02
1.774427774432442817e+00,-5.448143238563767365e-01,-9.646453112960952092e-01,-1.155294315842442660e-01
5.706574595646807246e-02,2.966762299285179982e-01,1.922174227380906708e-01,1.163914694412405249e+00
1.166596568934174627e+00,5.173508269602534737e-01,-4.583528310173765052e-01,8.779626798742503624e-01
1.088765169646702002e+00,5.387239383027512263e-01,8.948843167472408933e-01,1.939243472287213166e+00
1.189739864268321679e+00,1.529111452369308566e+00,9.625697206067522771e-01,1.574855165373431065e-01
-6.084131527102736303e-01,-3.156581359635299844e-01,1.194602232975451761e+00,1.533196223373658906e+00
4.754286525780221373e-01,1.494097858668604895e-01,1.469414656889054260e+00,9.015249876639019888e-01
4.221732284252835976e-01,4.001930559031653400e-01,1.801654551716886932e+00,2.398125088684186501e+00
4.642874497913580534e-01,1.011610507931676173e+00,6.026755985381064828e-01,3.613398657181005058e-01
1.133953882421520287e+00,4.534056172356603076e-01,1.942415530881693941e+00,2.237598629621933899e+00
1.629297622919908761e+00,7.013926549240534492e-01,1.478159439593766944e-01,6.063905640002424935e-01
1.306554815423842220e+00,4.148891950320491295e-01,-3.744709021647045777e-01,9.122020637174037549e-01
5.847322528145872944e-01,1.617034052425344814e+00,1.686093794144796654e+00,1.351914783909731188e+00
1.249901426489046896e+00,5.146064711057476426e-01,1.099583336014517521e+00,2.143451978400155999e-01
2.439009824933483506e-01,6.237228939982442100e-02,1.134568625991225321e+00,2.274077925369904385e+00
6.508362621541274873e-01,1.403299293719163510e+00,1.985654687910920480e-01,1.807106133937173009e-01
9.538243320708157391e-01,5.327866134892023098e-01,4.348068691449821221e-01,2.882247438135431272e-01
-8.305445111633011912e-01,9.548437297729771567e-01,1.084988731195277945e+00,2.213392823453171232e+00
1.048717594863348701e+00,8.125477890339960485e-02,3.376069000303364431e-01,2.566516535594010051e-01
1.118477730706243900e+00,1.215979540263374403e-01,1.193564738211988052e+00,1.827128472782096003e+00
2.655092451669461839e-01,8.868438895136274702e-01,4.925015396021362735e-01,2.677279951121352752e+00
1.778406876753280574e+00,7.295041132201132150e-01,1.418493084826624395e+00,1.308044024289805707e+00
7.465673838415376462e-01,1.493055885566870300e+00,9.697444032888462573e-01,1.183447352714767531e+00
1.341979578472204393e-01,1.078500545258606724e+00,1.242532120174241861e+00,-3.062602520244768201e-01
1.170989974194436289e+00,2.112432570874530846e+00,1.148145563558297777e+00,1.497552959555155994e+00
1.546259621286401265e+00,8.824293231276846283e-01,1.042605980416816847e+00,1.935541790614046409e+00
7.736112475453666981e-01,1.727407744383760990e-01,1.527906304043091135e+00,-1.240158200024610302e-01
1.779275883702903904e+00,1.477133465653410305e+00,5.856381075297343308e-01,1.496961545008965722e+00
4.042424675207412221e-02,2.053649691525112342e+00,9.713333064833606922e-01,1.521042658186713137e+00
-4.103164646731460863e-02,-1.470563106913462814e-01,1.824304861628611718e-02,-1.215502391974887519e-01
-1.105174988104558054e-01,7.508626655047527798e-01,-1.977479365615206763e-01,8.712789812376551257e-01
9.873326145609512272e-01,1.801686432574605146e-01,8.603408639738564512e-01,1.235116655072935998e+00
1.455902520199253036e+00,1.756994377865521706e+00,9.284205572631321068e-02,8.255717141279643734e-01
2.262890797564337531e-01,1.119640537126160851e+00,1.121787971039121201e+00,-2.157264861611860596e-01
1.810210071177052793e+00,1.073875154449273506e+00,3.846242589249317945e-01,1.933144091033129008e+00
1.790717212175662487e+00,1.179588550869853592e+00,1.026534504048168595e+00,-3.845359074684129297e-02
1.409807210082447693e+00,9.022915098764003883e-01,1.601107927216266269e+00,1.101304662908618059e+00
1.215543290485705530e+00,1.283210754383141250e+00,7.949318521011152772e-01,-8.174013748325370532e-01
1.390084084366977502e+00,1.357207385622982931e+00,2.273974920497366936e-01,9.630566661946204920e-02
5.170971972861865273e-01,1.300042441785045355e-01,9.730911355949249941e-01,1.285130761546624534e+00
3.644758352513979283e-01,1.232291672285781514e+00,2.595982286662563254e+00,1.245356220291805371e+00
6.479617178390694177e-01,5.282268584425475755e-01,4.799308961556431052e-01,3.394446796936365640e-01
1.029237791820443837e+00,2.491998130705006531e-01,1.169204868016304077e+00,9.708554542449302494e-01
2.320208338484024413e+00,-6.056807679931901500e-01,9.367930231093911653e-01,1.728900632667054404e+00
1.017550080314560068e+00,2.429514685067641899e-01,1.190502430985236337e+00,1.387918216442453723e+00
4.797189419669365407e-01,1.837144477128811904e+00,7.051574360433272570e-01,9.542908926543625103e-01
1.068425768789921904e+00,2.855039724797510114e-01,1.495960207565493416e+00,2.330034718509971903e+00
7.248360866284682125e-01,1.548654474399555170e+00,9.927781914192477242e-01,3.537861947294460574e-01
5.904006280812541529e-01,5.490046503979499892e-01,6.672752259354811644e-01,2.186841101278956145e+00
6.850936237708613596e-01,1.093875994407096375e+00,1.171157149697329647e+00,3.148866764298141163e+00
1.447072492569575042e+00,7.546067110603125183e-01,1.874554718663950181e+00,4.355579241585116890e-02
8.849456372653334846e-01,1.616296635506293544e+00,1.514958680840443606e+00,1.363039164019292926e+00
5.239617271414993560e-01,4.107089997982782403e-02,6.712855032166942237e-01,6.192129500240992623e-01
-6.608481257559613020e-01,-2.358951922817499103e+00,-1.374391150524470806e+00,-3.968879785083272438e-01
-1.599478433945171973e+00,-8.369432095987513476e-01,-6.955327108770172906e-01,-1.787098871659452026e+00
-9.263713313971733143e-01,-1.242130958155581721e+00,-2.038160936228307740e+00,-6.725090362821549705e-01
-5.899582928252795622e-01,-1.426993913803890068e+00,9.346304313386191165e-01,-1.265034573704791221e+00
-1.463890527850869816e+00,-1.342140749627002361e+00,-7.746933986635280434e-01,-6.568755663141019330e-01
-1.522370500423901873e+00,-7.822841021326142341e-01,-9.354651906075920342e-01,-2.463939930682820245e-01
-1.306852306209000281e+00,-9.475203521422881359e-01,-1.107406085594211387e+00,-1.429714732715027470e+00
-3.588900816257932780e-01,-1.272655651447712311e+00,-4.710830796703054935e-01,-1.201411110444909891e+00
-2.468284292184459439e+00,-1.065220042058009353e+00,5.876815380332398586e-01,-1.724665495239325663e+00
-9.599267289293680339e-01,-9.312840771659559591e-01,-1.837681284594406161e+00,-6.936417484759271890e-01
-5.782282666128203408e-01,-1.062348728711105084e+00,-5.157111727974550419e-02,-7.882989941414133561e-01
-3.735817289254769191e-01,3.968336071072511295e-01,-9.977848329433298691e-01,-1.183639782097157811e+00
-4.868970453183741887e-01,-2.735878770558648920e+00,-6.452518630709178638e-01,-3.661397291674600707e-01
-1.533636825763230016e+00,-2.488413974968650688e+00,-9.088374361601636586e-01,-1.330436470990456810e+00
-2.197446790710292142e+00,-8.097377967038696944e-01,-1.247450881608195061e+00,-6.188824638657002275e-01
-2.310905043332192932e+00,-1.793178165027097926e+00,-1.339399159004271311e+00,-1.929940337095563452e+00
-1.124032566945563749e+00,-1.611365583705022253e-01,2.484088157876835901e-01,5.696475893742736218e-02
-4.603794158591901775e-01,2.105102440648765061e-01,-7.181407429462052239e-01,-2.248793507924142787e+00
-8.391688833587028773e-01,-9.233482943108394236e-01,-4.078150954135991713e-01,-7.070963823613676258e-01
-4.919164026280475888e-01,-1.296350613734005064e+00,-1.027260549200916584e+00,-5.314552029705646996e-01
-4.965476674988322792e-02,-5.810902695075287339e-01,-3.030332982783098261e-01,-1.179277246525263889e+00
-1.295748544451069462e+00,-1.060946799653844419e+00,-2.103783333611286999e+00,-1.423047021486099295e+00
-9.691495650877051116e-01,-9.943339267578948926e-01,-1.065001536947349337e+00,-1.099755189378059717e+00
-1.364296745118085408e+00,-2.227099854532776924e+00,-1.645486372725518454e+00,-6.888275261537933902e-01
-2.739138072289752923e-01,-8.451302950099826017e-02,-1.278860642753037791e+00,-8.737608352959317370e-01
-4.596733934524110943e-01,-1.789120886494506069e+00,-1.117302122689645127e-01,-1.291922009582047171e-02
-1.680088839675043966e+00,-8.423285361426017248e-01,-8.966790314083801228e-01,-1.018845360169945202e+00
-1.737390947087715576e+00,-8.300340106485373237e-01,-5.516006339231693811e-01,-1.099785070731168490e+00
-1.035491137456314492e+00,-1.614453691158491688e+00,-1.595766755658242442e+00,-4.661055036581274180e-02
-6.454507268177049895e-01,-1.651100192509700637e+00,-1.002474573288446802e+00,-9.230887419707369812e-01
-1.124311698373512636e+00,-1.621060912783873320e+00,-7.148197825008379969e-01,-1.625002781450968659e+00
5.039157768048041497e-02,-4.639169446425425170e-01,3.958971405443012515e-02,-5.409736825433747454e-01
-1.185540774355431148e+00,-1.542962143652308438e+00,-1.009369983473939358e+00,1.197282107776960203e-01
-6.778772538519628466e-01,-1.054122597318835508e+00,-1.526452602137001735e+00,-1.933328780905220201e+00
-5.628385349659992265e-01,-7.871548741881698730e-01,-1.427300101056316883e+00,-3.694403097073010178e-01
-1.072925236482539013e+00,-5.607266393349334965e-01,-1.139150775308066965e+00,-6.735222074487370314e-01
-1.164000237152866379e+00,2.141117414000626162e-02,-1.311717657441674900e+00,-1.020281355567859150e+00
-1.553952505268869633e+00,4.685188764618475332e-01,-2.047194053410755110e+00,-3.817051490819745041e-01
-4.688363639701640384e-01,-5.492891802146870894e-02,-1.295190512359265522e-01,-9.507542195332351342e-01
-1.325517700847925529e+00,-4.363623977193256120e-01,-6.231199538387690584e-01,-3.393547633276694508e-01
5.593976059366017051e-01,-1.054397595003742527e+00,-1.481407717261664647e+00,-5.555969335854671343e-01
-2.088557733840667119e+00,-9.777776321419067163e-01,-1.759349388505186074e+00,-1.861922662066828549e+00
-1.764651259737713751e+00,-4.220209769813769718e-01,-1.235025442620099057e+00,-8.958252344825207159e-01
-2.220935259764797998e+00,-1.111450402829942563e+00,-5.295622716368495464e-01,-1.187755461969716597e+00
-1.065678317048779356e-02,-1.859640426585910333e+00,-1.382200126575341415e+00,-3.202905712607206912e-01
-1.081652539357591314e+00,-1.198468343310432838e+00,8.072757017663079182e-05,-1.381776330195771951e-02
-6.833031134832630027e-01,1.269809339018324046e+00,-1.909521153351007250e+00,-1.474253454588377865e+00
-1.521419589287962282e+00,-2.067946050530680147e+00,-1.795153973933466540e+00,-1.232449306555245760e+00
-1.943722134868256957e+00,-5.940478586305150133e-01,-9.146760905045828727e-01,-8.068525629011020772e-01
-1.358360194442072455e+00,-5.153936127948395285e-01,-8.249182240286339063e-01,-1.254752410079817748e+00
