1.6308552310702
0.909133066430087
3.93860672085947
3.20440767671851
1.41422404753003
0.902153624815717
1.06343454749274
0.440029961047567
0.863730220968275
0.265125136298876
1.32135719693935
-2.04699071904459
0.688391187776524
0.169416178624255
0.846996590903302
-3.79685606353144
-0.199840840988259
0.863920696802801
-0.0267207853588907
0.3722211459193
0.922228228289262
0.0760389077699892
0.269791597449335
-0.322280542816892
-1.6600115794887
1.42922153743517
0.725893626340079
0.011058903811722
-2.9176254639492
1.03994590593128
0.810163457276276
1.2565681542284
1.51671887252357
0.535230041225059
-1.41152514579285
0.164175965341554
0.358123180082752
1.46678319198277
-0.225425860778723
-3.29192292756572
1.17867604637806
0.769440899277968
-0.761134204535217
-0.306385586441797
1.50614484460102
3.32729043355192
0.769484187349902
0.991174087208055
1.41118150449282
-0.275349200137594
-1.3295980472567
1.35659315904044
0.800607517267548
0.813678330454751
-2.94958101746089
1.90461430492708
-1.548534370724
3.43485102301664
0.825666927555965
0.169441016007138
0.659358132692101
-2.32460154536264
-1.90440650055872
-2.30492702907028
-0.728590415363551
-2.20481631380737
-2.49648894932088
-1.41723259895327
2.48761232937455
0.0035318627316136
0.312733672165
1.10213074128163
-0.23221851114477
1.45365603434381
0.854291165555539
-1.2219258085949
2.06237424532795
-5.35849378997055
0.408204419744273
-0.362115093675656
1.99266818739281
-3.3077501727546
0.982355295184566
1.61255450858811
-0.00978803196848155
-1.83767842414118
-0.7678454660306
0.0903227584975849
-3.15335690777594
-1.80833481210902
-3.4414847500349
1.1115808248195
1.0914677240354
-3.7580911185974
1.57342347002244
-0.0032797213932898
0.615176206153729
1.38557221119804
3.23213178057459
4.48730913001819
0.524872325535627
-2.51851851266809
-0.485287155985745
2.36873241327944
0.800384511018786
0.831096331937624
0.602834748536765
0.757186197641391
2.328885204476
2.67343537772699
0.326551220419029
2.10048798477407
0.519459312398994
0.505121372775205
-0.242321881452496
0.360970723459297
0.418417246493285
1.3424188508114
0.963197169082191
5.00803573733829
0.0657999414324052
0.712471737258733
-0.279914121488308
1.68693856330862
0.985277446990901
0.544126013770525
1.83399203740541
0.672873350876576
-0.0104365319939037
-1.1197184524264
1.7241238170552
1.47017789091538
-0.172347600730831
1.960281943078
0.924140097462339
0.791327927835105
1.14545764079654
1.09472019359031
0.226582673725336
0.352224662043915
-0.0936257847411487
-0.0905219395139372
0.999313494333533
2.05638905022037
0.210134877419013
-4.25363475023322
2.31195954601317
0.528693293700265
-0.88773215937841
0.997533002386971
-0.586344226232787
0.0953169212972864
2.4572006871586
0.365656740436813
0.121993825046637
-0.300570565501498
0.322645591966565
1.05863106033534
0.200351020083957
-5.01934676065947
0.30753864228554
-0.109250464132388
-1.9150357552662
-0.392431324446176
0.6486498216983
0.223745032979479
0.233376791647409
-1.86679704702611
-3.15067578915509
-1.84051387735673
0.927814280336922
2.38766686699255
1.62892724515336
1.87999730331463
-1.49293569079683
1.69262263310792
0.482507213725187
2.72965829547456
-1.49401593725158
0.363134457195933
2.04935363470768
-0.391042506067283
1.9926567363098
-1.30841606143201
1.32327050642352
-0.524421556936143
-1.29962798009496
-0.944757062940679
2.1690900498544
0.185040843888605
2.68903397307326
1.43761769109886
2.71603883908302
0.828818372807431
0.976001612685523
1.89375685691791
0.659782286109604
-1.45868482089924
2.67801279923452
0.726380390289823
0.521561574621221
0.872120356351078
0.873298719672385
2.91254418063592
0.661918984225042
0.682356327894772
0.0589134685709559
1.96653494583658
1.1259990952948
0.678656473705984
0.671635618133859
2.51165524839629
0.669630017782972
0.788856692415182
-2.72643017813807
0.0920896960006064
0.517963684864974
-3.28592582788637
1.08164314494864
0.790342459936988
-2.9831927792935
-0.00281661643947098
0.388390963249622
1.2711282561758
-1.2816798612559
0.594157099754582
-0.495171796925318
0.731088141692158
0.740863170492309
-0.447588370640424
0.154473647158756
2.92939663884677
0.194439555469163
-0.650177011932609
0.525172383403173
0.116469562085584
2.48419176782143
2.20382808408108
0.0170839148878996
1.2919316868563
0.32196820515808
-2.01712836803055
-0.546884175846888
1.57119002134435
1.19847706706913
0.336901299491307
1.79816160770561
0.070191479217268
2.38304666966922
1.89356557128793
